1000
38 12
64 21
13 39
35 23
19 21
41 93
79 31
30 56
58 3
12 39
37 28
82 38
54 80
20 58
48 93
91 42
53 34
52 6
2 76
86 44
82 16
90 1
1 56
9 66
18 71
2 49
35 24
18 5
94 60
22 65
51 67
69 26
69 72
10 95
70 87
77 39
24 43
91 61
96 57
79 98
50 31
32 77
40 1
46 83
41 3
81 16
40 48
16 49
18 49
89 23
49 98
44 61
36 22
2 7
33 9
92 54
55 62
59 55
86 66
12 70
72 62
70 46
70 26
82 78
55 87
43 71
23 29
4 66
19 39
81 67
4 15
82 68
33 40
72 45
57 9
19 70
53 85
50 51
23 42
28 97
16 61
89 97
31 23
23 74
45 58
59 55
37 100
39 28
49 11
67 91
4 47
17 66
9 38
51 89
32 84
24 32
91 82
4 97
97 14
7 54
41 61
42 83
34 24
12 16
21 78
54 86
89 97
3 17
19 56
83 10
33 20
54 12
31 3
38 85
88 5
27 38
95 8
30 100
29 28
34 75
37 26
84 68
53 75
55 84
41 21
71 4
33 52
61 43
71 50
56 4
93 79
60 55
95 22
64 56
81 92
72 2
93 61
5 41
11 17
92 79
55 55
18 80
16 90
6 17
85 79
9 54
30 35
60 90
81 10
1 95
79 32
2 65
60 84
40 19
65 24
52 35
35 54
86 67
64 57
58 39
62 56
17 56
74 46
53 74
34 93
14 63
84 12
16 46
73 80
89 99
53 37
3 8
45 31
10 41
6 20
9 83
11 66
96 31
15 44
55 93
83 69
8 52
89 88
38 7
45 39
64 53
11 32
72 97
61 94
30 76
95 38
8 74
86 40
87 9
36 29
19 25
38 7
73 63
5 71
85 83
9 100
34 51
73 42
4 97
18 46
54 20
3 47
28 86
39 18
37 61
24 4
3 98
49 51
57 94
72 17
35 100
79 19
14 6
83 4
42 70
77 11
42 99
50 56
55 81
97 21
76 58
92 36
63 81
90 65
59 53
0 48
31 14
47 65
59 43
41 34
38 42
26 82
17 42
49 80
98 55
66 68
44 54
44 36
77 91
68 90
58 2
28 85
10 85
91 36
2 96
70 19
81 30
99 96
98 32
85 91
31 25
57 99
29 94
47 72
87 31
54 37
56 16
9 21
47 61
17 4
3 29
12 41
57 88
23 37
63 84
10 98
51 29
39 34
32 44
44 5
66 49
49 93
53 75
25 7
37 3
27 84
27 77
40 27
29 82
87 58
33 46
70 50
74 56
17 57
60 55
77 43
20 27
56 64
44 78
22 69
93 20
3 28
53 23
8 17
45 87
42 34
84 28
52 60
43 6
32 18
44 39
50 32
99 92
1 37
41 81
74 50
72 43
29 43
97 89
13 60
72 12
18 34
77 49
61 66
67 63
93 68
78 81
6 58
49 46
58 65
22 62
67 74
25 12
25 37
72 56
93 42
50 48
75 24
25 16
18 2
85 4
24 13
84 72
30 91
75 36
12 81
6 9
11 37
78 98
15 86
62 13
41 28
76 41
67 89
75 29
83 6
55 26
46 96
10 65
85 33
41 34
41 35
45 37
80 25
25 40
16 25
29 23
53 33
10 92
48 85
16 1
7 45
67 5
76 3
40 60
64 14
88 49
23 60
51 23
71 51
60 16
54 75
40 24
90 24
8 79
83 16
20 16
5 69
81 69
58 95
38 9
72 93
77 65
77 54
43 75
91 22
26 37
3 78
23 43
75 39
80 6
2 29
96 0
54 92
91 12
12 67
15 53
30 97
61 0
10 95
19 15
69 34
89 58
48 72
45 46
11 32
69 76
67 44
81 29
21 92
13 15
13 21
20 74
7 77
78 93
13 83
54 0
94 79
42 25
80 81
16 7
23 49
63 91
70 3
44 48
7 40
97 6
95 84
56 86
76 96
69 14
59 93
24 57
76 94
29 42
6 36
17 2
25 22
22 75
54 41
29 32
27 54
68 36
73 28
21 35
92 37
29 2
46 73
52 48
32 23
96 63
92 19
56 32
16 93
37 22
57 92
7 52
3 76
88 91
3 34
78 37
0 38
69 25
48 49
82 57
99 7
68 7
25 30
46 66
95 60
16 69
85 12
67 86
96 75
44 11
55 71
41 34
67 49
16 64
3 68
74 11
71 3
49 4
6 82
9 15
7 48
84 96
12 26
24 41
49 80
63 54
14 3
97 76
32 20
28 29
20 54
33 10
59 21
47 58
66 21
6 23
10 7
20 49
92 7
57 5
63 25
48 72
12 16
43 31
91 7
45 89
15 2
48 99
81 91
26 44
98 68
88 89
64 36
13 88
14 76
62 24
97 34
43 16
76 82
55 18
4 11
52 38
67 90
74 51
68 56
82 22
34 87
78 14
58 25
46 62
69 24
48 4
95 21
22 65
9 35
80 62
20 33
76 78
2 12
21 86
10 83
44 80
23 83
75 70
43 32
97 4
46 65
37 38
28 19
99 82
90 78
50 80
37 60
10 32
3 43
85 8
8 11
99 2
55 16
81 95
8 77
80 59
56 9
6 56
76 35
72 96
3 14
26 86
81 75
50 79
43 30
89 68
67 6
43 60
97 48
56 14
68 65
94 30
74 64
44 5
23 23
80 1
88 6
63 29
13 93
70 14
45 98
60 57
7 64
58 29
57 11
99 86
86 33
10 53
13 61
39 44
81 94
97 91
20 54
1 43
56 15
14 36
62 94
24 14
97 17
12 34
75 0
47 71
11 22
77 93
22 2
87 81
44 39
41 12
9 4
85 39
55 20
19 58
91 46
30 73
20 79
85 14
41 94
9 28
53 72
53 69
2 36
29 14
57 86
17 43
32 77
1 5
55 68
54 45
1 51
99 19
60 10
18 14
29 97
18 34
68 48
63 5
57 62
7 16
16 74
74 1
79 27
48 44
7 39
96 70
96 88
94 84
8 5
94 4
68 9
10 32
85 84
83 99
62 48
55 29
96 60
100 69
37 23
25 29
97 89
19 6
98 54
22 57
8 14
33 20
26 18
27 97
39 55
42 23
61 89
7 98
97 45
30 53
87 55
51 88
7 36
18 34
53 32
50 25
11 79
21 33
30 22
50 36
48 75
60 51
88 75
28 19
21 31
90 60
36 62
3 11
89 70
51 78
69 72
61 36
66 3
62 38
4 69
47 4
3 19
2 1
12 93
83 15
65 91
54 5
66 94
88 81
72 88
10 69
70 7
18 90
31 35
50 76
33 28
56 55
82 69
59 11
9 57
13 40
56 82
38 39
13 89
27 37
99 52
14 29
83 89
70 49
8 94
74 70
55 84
89 6
99 87
59 39
59 51
51 3
90 67
9 2
69 81
79 52
72 72
31 82
46 53
70 84
8 0
40 1
73 53
59 37
69 12
96 84
67 7
58 21
11 69
26 8
10 31
75 41
41 19
20 91
41 7
23 29
35 51
26 90
97 30
37 10
3 80
87 40
6 7
77 97
12 53
4 45
47 85
93 98
6 59
4 19
52 37
60 79
98 2
54 23
12 56
27 14
23 74
57 59
94 6
26 21
55 23
98 6
7 51
41 52
48 9
59 13
53 53
35 99
52 89
94 92
59 10
72 36
8 94
42 63
85 82
2 93
25 57
23 46
30 10
81 46
85 25
41 19
10 46
49 65
53 68
88 59
61 32
85 55
60 53
26 54
92 12
20 80
98 53
87 60
1 47
65 51
53 10
25 14
19 78
96 28
51 79
2 51
53 64
1 66
98 3
93 74
34 71
71 90
48 14
57 86
0 2
3 95
9 49
76 70
65 94
36 3
96 36
99 76
54 19
55 21
78 78
14 72
7 59
11 74
65 47
44 39
82 60
56 23
66 69
46 37
4 61
95 84
82 45
45 68
54 74
86 2
31 66
51 2
80 49
65 52
8 93
23 61
75 48
52 78
43 21
90 57
72 29
84 82
3 47
30 50
29 94
71 16
36 11
88 53
14 64
67 67
77 81
65 4
12 74
27 12
51 92
12 99
19 16
51 87
40 75
23 30
81 68
71 15
12 26
92 90
12 74
21 57
16 1
3 37
82 79
90 12
95 39
37 20
67 27
50 64
76 56
43 15
4 84
17 41
33 51
94 31
87 26
83 63
31 15
19 68
6 20
17 69
6 48
2 49
95 88
41 60
32 18
66 58
72 20
10 99
75 15
93 47
61 90
71 50
45 79
62 7
39 76
67 49
97 17
79 2
47 6
11 46
27 35
44 18
55 63
51 49
83 40
92 82
84 34
4 62
72 2
79 41
3 80
23 11
41 71
14 16
65 62
24 84
67 90
62 62
61 55
96 28
61 57
52 5
80 28
59 97
12 16
84 41
31 73
58 33
81 88
5 9
50 19
94 9
53 70
11 72
96 59
34 95
96 59
79 80
20 65
58 11
78 87
44 90
51 88
26 73
56 65
91 67
43 64
77 51
23 76
88 95