1000
98 28
35 40
30 42
36 8
66 48
39 98
60 14
50 56
22 23
9 17
13 48
28 76
7 61
75 35
64 64
11 46
60 28
5 84
77 55
52 76
85 86
37 12
40 83
15 49
82 84
63 75
32 35
87 79
80 47
80 25
18 20
21 52
84 85
3 1
57 11
39 30
32 98
19 76
65 62
49 36
24 71
17 37
70 58
66 50
52 71
27 88
50 72
38 82
66 96
46 13
49 42
25 6
47 30
46 38
94 91
65 67
62 22
81 65
75 49
34 1
31 70
47 87
57 56
90 17
37 94
50 94
28 52
53 43
47 25
0 33
13 82
59 41
26 37
29 83
98 71
82 22
73 20
97 54
57 56
36 27
4 35
40 24
57 68
79 67
51 36
76 77
4 3
90 17
72 31
69 98
43 35
87 19
79 15
10 39
21 53
10 40
30 10
78 70
0 18
93 80
42 77
89 74
44 87
82 37
17 5
34 41
42 37
90 74
5 79
70 87
35 91
86 31
29 81
25 99
61 36
68 89
40 86
17 61
23 69
56 88
3 47
4 43
62 28
11 30
14 88
12 42
81 81
67 38
91 45
16 3
49 84
30 52
13 21
60 68
91 39
80 74
83 60
50 26
28 0
85 3
36 36
51 68
44 18
7 10
33 20
74 63
69 14
58 50
5 78
32 8
27 32
48 25
29 6
2 24
78 4
15 16
64 7
27 5
47 26
43 65
69 57
36 28
35 36
6 89
88 32
70 90
39 32
87 25
74 85
44 28
38 88
65 59
73 87
84 42
12 36
71 90
12 80
12 24
10 28
48 18
48 11
74 60
80 12
82 66
67 33
33 56
22 66
65 80
60 90
70 20
36 75
29 54
99 43
68 86
70 61
53 80
86 84
72 61
98 88
30 28
66 46
44 50
66 5
46 87
13 20
61 59
7 94
18 49
35 22
30 14
95 52
81 88
50 81
4 27
1 5
20 83
45 32
39 91
73 40
3 92
4 47
16 7
32 10
42 58
70 26
17 59
81 42
6 15
89 39
36 90
61 46
37 24
31 85
58 49
94 18
75 67
5 14
45 18
99 81
74 50
1 32
99 28
83 98
61 26
35 66
1 25
27 66
89 23
68 81
45 52
27 60
59 28
31 70
17 53
58 99
44 91
90 50
77 17
77 43
16 22
6 39
58 11
77 52
60 4
0 10
86 78
47 54
45 53
12 24
80 6
28 15
62 91
16 8
90 68
50 8
70 12
38 21
83 19
82 5
93 51
85 18
81 80
57 66
71 8
79 26
15 54
36 84
52 68
48 66
48 54
14 6
73 12
38 100
80 27
9 50
88 39
30 87
38 26
66 84
15 17
86 74
9 36
68 35
22 40
47 53
87 82
49 41
79 72
66 65
21 60
39 72
33 86
53 32
92 71
89 85
98 40
51 43
58 52
58 73
56 44
85 27
52 29
62 33
13 18
41 95
7 51
9 73
59 33
68 29
49 55
73 20
22 88
24 45
90 91
93 93
26 76
98 65
2 1
82 69
71 29
68 76
55 31
88 56
16 46
99 58
55 18
55 33
33 57
81 4
18 80
47 32
36 58
57 74
45 10
69 85
40 33
98 50
15 43
73 35
81 52
16 87
94 48
32 99
99 91
40 69
12 63
41 40
90 31
69 28
91 87
59 64
50 34
1 78
6 82
4 68
79 86
94 62
99 50
68 93
25 63
2 38
3 100
25 75
78 71
99 32
38 11
26 69
40 56
78 36
78 55
15 17
45 74
2 41
5 43
19 78
87 90
26 19
7 95
85 23
95 31
22 5
73 68
71 90
61 16
89 33
98 75
4 33
96 39
13 35
13 75
84 19
89 67
11 8
76 45
79 51
83 9
94 96
9 34
36 28
95 27
7 54
71 68
28 63
40 24
39 90
86 75
86 24
54 28
22 97
71 19
92 70
98 36
52 21
39 80
47 92
3 15
99 30
69 20
24 85
1 56
98 83
68 18
69 13
26 30
30 4
68 58
24 40
94 99
36 24
19 8
76 32
98 71
30 31
97 35
54 67
72 16
94 45
29 22
28 4
11 67
79 29
76 1
93 85
50 78
44 64
73 7
29 89
44 25
96 80
86 23
76 53
98 50
32 16
30 65
61 29
34 2
80 33
95 35
72 42
1 16
98 27
29 35
65 71
74 40
78 6
96 19
42 67
76 95
53 15
26 36
46 75
24 29
26 49
86 75
45 34
12 8
48 67
68 25
30 62
42 37
18 2
64 18
17 53
82 34
97 43
76 0
41 51
26 61
39 8
75 62
94 65
63 19
94 61
14 23
27 42
90 47
32 26
61 38
23 31
30 75
87 3
91 94
14 76
33 37
34 97
74 91
3 41
69 28
37 3
36 38
3 47
52 78
34 15
82 13
15 80
48 59
43 56
7 48
94 95
48 59
12 41
39 60
92 18
20 92
50 13
81 32
62 42
72 16
93 31
57 1
69 51
79 83
17 91
72 29
47 19
67 54
81 6
37 50
77 73
47 40
77 75
30 22
6 26
51 49
14 29
94 30
12 97
14 60
53 28
71 14
78 90
90 58
95 32
52 23
54 1
12 89
62 98
82 14
3 58
21 14
43 49
34 52
61 34
41 96
79 37
66 79
61 75
57 27
23 91
9 48
5 36
26 83
92 5
56 62
69 13
44 70
95 36
47 44
95 25
30 94
10 96
69 25
88 76
6 73
40 62
25 57
31 97
91 66
71 45
30 51
91 57
31 97
11 84
41 9
53 89
29 84
93 59
35 21
46 73
57 24
51 43
82 16
14 61
62 70
26 28
90 99
58 51
90 18
41 1
100 25
54 36
98 79
60 59
79 71
21 90
25 10
24 79
33 26
96 60
41 32
21 90
16 97
33 78
0 48
43 7
46 3
41 23
62 52
23 31
24 16
23 84
53 75
65 19
19 57
89 99
93 37
15 79
91 63
39 98
8 68
18 50
33 78
54 43
87 39
79 63
66 45
42 59
71 10
9 94
28 88
10 8
88 82
28 66
25 22
73 22
50 21
63 50
50 23
25 27
85 75
49 70
73 47
19 11
83 17
35 29
65 93
36 8
64 74
46 85
21 18
48 19
99 36
51 65
69 85
99 87
45 40
38 95
0 81
52 89
76 89
13 68
57 36
90 11
22 40
44 92
50 46
55 41
39 76
39 89
0 52
78 68
82 45
26 30
37 63
24 86
53 28
67 32
73 1
47 43
37 74
30 56
59 4
54 77
59 14
93 68
86 42
95 35
20 33
72 71
73 98
51 56
97 75
73 3
78 40
72 86
6 1
25 67
6 84
88 32
79 25
51 44
8 12
8 81
93 9
56 89
96 15
63 54
50 73
70 24
8 54
71 53
8 69
59 76
13 73
24 25
95 16
93 21
32 4
19 62
74 95
39 30
9 42
3 99
30 53
10 34
71 89
81 83
98 69
95 57
51 88
14 24
51 69
56 62
65 1
25 57
28 8
50 41
76 99
57 68
59 42
19 26
72 64
73 64
22 71
79 92
42 33
90 93
40 17
57 6
45 23
84 49
93 67
93 20
89 21
4 8
28 4
96 21
61 26
90 77
61 99
12 87
96 83
72 72
21 42
53 12
56 35
10 37
82 19
92 89
62 98
94 78
78 92
26 80
14 21
2 72
92 15
51 7
65 88
14 81
70 94
17 25
63 90
0 69
12 98
44 94
55 51
47 14
14 44
22 34
27 97
91 61
83 40
32 35
26 10
64 45
54 47
47 74
78 89
75 0
57 99
9 32
14 20
87 20
35 86
98 37
47 33
59 39
9 95
19 67
84 78
55 49
21 65
94 85
44 74
49 79
25 84
25 97
38 93
87 82
99 70
57 50
21 85
60 33
91 70
78 17
9 69
19 17
31 2
18 30
52 37
31 54
66 17
36 57
80 41
48 9
2 34
10 45
67 67
61 74
63 11
75 56
90 20
31 10
99 29
68 90
79 64
41 11
99 9
60 56
62 97
5 0
95 91
19 38
82 51
20 90
65 42
3 79
18 55
64 60
67 77
85 53
45 93
56 27
62 5
76 32
19 43
47 31
12 35
65 45
62 92
3 31
55 4
25 84
90 49
89 17
2 12
37 32
8 9
85 62
95 85
29 74
69 38
77 72
34 80
40 57
54 79
8 15
56 22
56 92
43 2
82 31
20 35
71 3
76 52
58 60
42 92
73 92
8 57
82 28
73 18
64 56
33 15
30 98
15 99
53 78
12 57
67 54
31 2
91 81
39 59
53 87
80 92
29 19
29 63
39 4
80 6
30 38
99 14
41 72
0 30
48 38
9 23
82 66
13 74
68 9
41 28
39 91
71 46
74 33
64 3
42 95
85 77
69 71
8 27
100 86
15 46
89 72
29 37
64 30
9 90
68 77
59 5
48 84
43 20
47 12
56 26
51 0
49 77
44 80
15 99
83 92
36 81
19 1
87 48
67 68
48 65
6 67
22 100
67 53
92 13
