32
2
45,9
13,37,10
43,50,15,51
39,11,12,42,32
42,24,46,14,41,35
21,13,51,18,27,40,1
30,5,13,10,21,14,16,11
43,7,49,12,40,13,43,4,36
40,26,40,1,13,39,13,32,27,20
9,42,20,2,45,36,34,48,43,30,5
43,10,36,10,33,43,51,11,17,34,15,23
24,49,8,41,41,28,10,37,12,7,16,49,26
21,45,8,15,10,44,23,35,30,25,3,49,36,26
9,1,50,3,39,31,47,17,23,31,39,50,27,48,24
1,38,2,26,4,48,4,24,35,7,27,34,22,3,34,41
7,9,32,25,23,37,7,7,50,27,3,31,36,18,47,21,18
4,23,7,5,31,33,7,9,6,27,42,48,50,40,39,13,24,44
22,2,51,11,45,12,45,5,42,5,2,25,23,33,33,22,19,35,13
38,15,17,47,11,39,48,22,6,27,23,4,30,32,26,25,18,9,46,45
34,16,4,17,29,20,12,28,26,18,43,30,15,51,1,13,15,50,3,31,20
48,38,29,46,36,30,2,4,49,41,1,26,18,24,15,38,16,27,48,25,21,20
31,15,23,50,7,4,8,40,33,27,48,50,1,23,12,30,35,32,27,43,16,16,25
18,25,13,19,22,10,33,37,7,34,27,12,43,15,48,25,32,1,14,37,22,4,44,39
49,51,13,1,32,24,18,4,25,34,47,27,8,10,40,24,14,25,25,30,2,44,36,37,19
45,33,49,34,37,35,46,43,24,44,28,3,6,48,29,51,39,8,34,22,46,46,8,45,5,32
46,31,1,36,9,36,20,14,4,24,10,23,35,43,50,44,33,38,27,48,14,43,18,6,11,32,19
27,41,35,45,37,24,33,2,17,35,15,7,20,50,47,31,21,2,32,45,33,19,32,14,26,51,41,45
33,48,33,44,46,51,21,11,32,24,50,48,48,9,49,51,13,45,50,36,34,50,37,28,15,13,33,42,18
39,16,43,20,22,26,23,18,32,44,27,11,2,1,44,9,48,42,7,19,27,13,15,12,22,20,33,32,4,2
40,22,29,47,20,47,36,46,10,39,3,5,41,5,41,42,22,22,26,16,11,27,36,43,13,40,41,40,45,12,2
3,47,21,22,25,37,47,24,1,40,46,48,24,31,29,38,20,34,29,25,20,2,8,23,14,49,18,13,32,12,43,37