10
78
123 1243556534 123794
145 124362345 1295201
160 124357647 291374
162 124358659 12342123
180 12436709 3264367
190 1243516789 643756
200 124354567 568473
210 124353569 45362345
220 1243544567 1000
230 124304566 364732
240 1243615467 2342
250 12436265 265242
260 134353564 197521
270 144553456 19735
280 15435547 94313974
290 164355347 12932139
300 13553456 1821341
310 18554573 34563732
320 13556475 1243
330 114355347 23122896
340 53557345 12892375
350 12656435 23847824
360 1273557 93297
370 135534565 7352
380 1943556475 2174
390 12154635 721394
400 12355623 28384
410 12553456 217343
420 144554356 2349751
430 12455563 19732532
440 124554356 9127343
450 12475563 987632
460 12485535 912374
470 12553654 91237532
480 124553465 21974527
490 1265123 4278
500 12542423 3294723
510 1243852 2138642
520 1395354 8236423
530 1245254 1283642
540 12452453 297973
550 12452435 2173
560 164324243 937923
570 12435255 925972
580 124342345 6425823
590 124355213 923527
600 1243551234 9234527
610 124322345 9274372
620 12432341 36284523
630 1243555 83465923
640 1243551 1285
650 124533 9127534
660 13553281 2864212
670 1235521 921372
680 125523 9725334
690 1255423 9234721
700 1249554 2934723
701 1245312 9217342
702 1243632 912734
710 124375241 921734
720 12435512 9993
730 12435913 8426534
740 1249312 921734
750 12439514 83262235
760 12435519 168325
770 1243594 2374923
780 124393214 9388643
790 1295223146 8126342
800 12435553 9212347
810 9355657 9712734
820 935587 21634432
830 935556 2183642
840 1955576 23749214
850 935534 2183
860 9955364 592173432
870 1935576 91237414
880 12495876 912374
890 124355944 834665